version https://git-lfs.github.com/spec/v1
oid sha256:512543dac19166699b109440cb7a32d69bc13b9f5fdaca86fad91fd3a4757178
size 120611446
