version https://git-lfs.github.com/spec/v1
oid sha256:79529955380a4498fffb7e76d812a3292569928ff0a3f094d3be366213616fa1
size 15300387
